91939637
87533049
82837252
92091873
92586242
0060207528
0001477983
91315069_91315070
0012529284
85201976
71366499
00922237
91161344_91161347
82251504
93380187
86263525
92081358_1359
660978
0011974919
0060165115
91914407
01150773_01150774
82573104
81186212
0060077689
87672097
87528321
85240939
0011859695
00851772_1780
11875011
0060080406
81310636
0001456787
81619511_9513
0001476912
0060255888
12052385
91104867
0011973451
716552
82562350
0000990274
0001463448
0012199830
71206427
00920222
82253245_3247
83443897
0012529295
87093315_87093318
89856243
93213298
87332450
80728670
88057519
01191071_1072
83635935
00836816
91361993
92380595
0000989556
85540866
82491256
0011838621
0060029036
00040534
92298125
0071032790
0060024314
00838511_00838525
87682908
86244113
0060214859
93351929_93351931
81619486_9488
0001438955
83594639
0000971160
00920294
83823750
86220490
87086073
01408099_01408101
87147607
91391286
01122115
80310840a
0060308251
0071032807
83641919_1921
82252956_2958
0012602424
0060302201
0060094595
92094746
71190280
89386032
0060091229
92433599_92433601
91974562
87125460
89817999_8002
92094751
92039708_9710
00851879
83624198
92657391
00860012_00860014
0060068489
82254765
93329540
82504862
86328049_8050
0060270727
00837285
0060308461
12603270
82254638
0011906503
0001118259
0011899960
91356315
11508234
01197604
91391310
80707440_7443
83553333_3334
86079776_9777
0060173256
87137840
83573282
0060262650
0001123541
88547278_88547279
86230203_0206
87428306
0011856542
81574683
0001239897
0012178355
91856041_6049
89867723
0011976929
0001463282
0060007216
0001485288
71202511
87594142_87594144
0030041455
0060136394
92327794
92314414
92657311_7313
13149651
89368010
91814768_91814769
83772145
00866042
71563825
0060036622
82253362_3364
0011505151
82092117
0013255595
85629964
91372360
91581919
0030031163
0060000813
